# yamllint disable
end-of-epoch: true
error_rate: 0.5761947631835938
loss: 1.637781500601552
unixtime: 1743106541.9101555
