# yamllint disable
end-of-epoch: true
error_rate: 0.5761947631835938
loss: 1.6354582958251433
unixtime: 1743187738.7994847
